Name,Sule,Sule Myodaw Hall,Yoke Shin Yone,Youk Lan,Youk Lann,Youk Lan 2,Kyauk Taing,U Htaung Bo,Bahan 3 Lan,Taung Phat Mote,A Shae Phat Mote,Pan Soe Tan,Bar Lan,Pan Soe Tan2,Railway,Kan Yeik Thar,Thein Gyi Zay,Kone Zay Tan,Bo Gyoke Zay,Phyar Lan,Construction,Phone Gyi Lan,San Pya,Tha Yet Taw,Pegu Club,Myaeni Gone,Hantharwady,Hledan,Wizaya Plaza,Yae Khae Saing,Shwe Gon Daing 2,Shwe Gon Daing,Har Mit Tic,Har Mit Tic 2,Kokkaing,Myanmar Plaza,Inya Myaing,Thanlwin,UFL,U Wisara Awine,Lanmadaw
Sule,0.0,0.27798731661137954,0.5449591417962711,0.9901500833241538,1.3109528574264457,1.1955350331281431,1.5980859795556717,2.3558540203124907,2.759688259785579,2.507082350671094,2.8193476933689734,0.30894449596674145,0.42342185529804716,0.6465519551900966,1.0816385838017315,2.160041250471249,0.6077581519638391,0.6770438432575816,0.8229156106203437,1.031300414322972,1.4520048186107366,1.4931392971657669,1.5163189908692203,1.613563892277424,2.3719015965131525,3.606996620265261,5.049519800596152,6.480501043357746,3.7503908063227476,2.924736575485066,3.1972520252697767,3.5544748432823843,4.5791407031718485,3.9253945995507666,5.472457566492869,6.109861327640984,5.787967929804688,5.7236235169652545,6.006969929681401,2.617598753185317,1.2971358228660084
Sule Myodaw Hall,0.27798731661137954,0.0,0.267080092859514,0.7123638474287382,1.0386257948176518,0.9192878257950827,1.3217817987022993,2.0791559900981214,2.48193098978171,2.2490650729851693,2.552948218148726,0.4080934208792617,0.3193865644959842,0.4315056817827675,0.8236862337969033,1.8873953857195447,0.6542901560316218,0.6072415186671684,0.6580200877655432,0.8153693299638738,1.2005245601906684,1.5024165341515163,1.4772785441258753,1.519838030230637,2.200870709686555,3.389168207171003,4.812878380208035,6.234717143401524,3.505427610483507,2.6467818138741066,2.9208901816590327,3.278054464688497,4.301736786870094,3.6482707793957805,5.1957491239265945,5.832654485777456,5.514759430707805,5.455126204122257,5.744184237083022,2.3781410717774283,1.19414592280205
Yoke Shin Yone,0.5449591417962711,0.267080092859514,0.0,0.44528904577762735,0.7842118520536867,0.6536581761376128,1.059020283110561,1.8151771956617262,2.215875374818898,2.011104806528476,2.3033566060607966,0.6113377546304166,0.4080904712688541,0.3195759542557279,0.5870883648069418,1.62481270415629,0.801817210152556,0.6641689969728484,0.5971127893280336,0.6631605887363943,0.9789630215752994,1.5688172566979608,1.499029987487386,1.4848478471424407,2.0680557127193193,3.1961243820753813,4.596073432736254,6.006684192435877,3.280810662139531,2.3801666643267,2.6572457572906907,3.014259502035275,4.036276695653021,3.383319956049394,4.93135894663562,5.5674741795000475,5.255075366946292,5.2012820319399315,5.497039977410565,2.163244675438683,1.161752782672218
Youk Lan,0.9901500833241538,0.7123638474287382,0.44528904577762735,0.0,0.40120915777571337,0.21751712345340532,0.6302877215107205,1.378497069308018,1.7734073259551826,1.6366035236908896,1.8994682212734137,1.0169119240320597,0.7675061724688859,0.5262291590582805,0.32111296022553315,1.1905420833188711,1.149994167767961,0.9398409870883424,0.7419781485008773,0.6213132915439693,0.6890454775001886,1.7688683425614928,1.6378962323740218,1.535323507555111,1.9136098505703347,2.9032937368817726,4.249663948863713,5.63614815687002,2.924485755915258,1.9362261974356771,2.2202402208971117,2.5766460186939275,3.594690050872117,2.9429865754319535,4.491843410421605,5.126275655591201,4.824852876058077,4.782510351536969,5.090967220380363,1.8382913366577114,1.2441386374136834
Youk Lann,1.3109528574264457,1.0386257948176518,0.7842118520536867,0.40120915777571337,0.0,0.3652851836222393,0.30933635131514053,1.0565663413904738,1.4733214921640674,1.2399851324885542,1.5195649145513899,1.3892344316607212,1.1534082869364801,0.9257146376762828,0.643466705133683,1.0440223072548689,1.3105868304237294,1.05745650256833,0.7936396876121632,0.5514658912061253,0.33151759231712813,1.737896866421447,1.5574987027706335,1.3830304774407582,1.5856701086449752,2.506406865048845,3.849290444349948,5.240710246618152,2.5249791531781023,1.6457583533423856,1.8927400992641024,2.2497670314064186,3.2806821096542933,2.624977421607716,4.167889320742261,4.808336013329912,4.477017200919579,4.417584522378814,4.713578980712941,1.4379816441420492,1.1460839635242097
Youk Lan 2,1.1955350331281431,0.9192878257950827,0.6536581761376128,0.21751712345340532,0.3652851836222393,0.0,0.48667503518354843,1.2025931263733804,1.5837059693539388,1.5292718430592254,1.7610641144441361,1.1941422624276157,0.9339652064376122,0.6686185195418163,0.2875289823108044,0.9741842782915296,1.364331594104814,1.1469028183399548,0.9315093946473786,0.7681893520264856,0.6953488286273081,1.9483449802502375,1.8008771355561592,1.6701131398455222,1.948977097089483,2.8451734300519766,4.148867726456612,5.51498798534988,2.821003592209746,1.7419748983936725,2.0399873180299024,2.3946163375718785,3.40444236130396,2.7557275130407213,4.3048246150303004,4.936042262505157,4.650459628282498,4.620733086575456,4.941067880907516,1.768343971926542,1.39723135808543
Kyauk Taing,1.5980859795556717,1.3217817987022993,1.059020283110561,0.6302877215107205,0.30933635131514053,0.48667503518354843,0.0,0.7579966157513934,1.1687593451716052,1.0467737103001136,1.2765054591727394,1.6469848273520196,1.3968213947251518,1.1442040419945567,0.7633545913597727,0.7689633461731556,1.6196697928295862,1.365160943310195,1.0978260217678704,0.8431886729800107,0.47442735680156684,2.006058332186192,1.808681308891533,1.6019956613384891,1.6400208353634402,2.3899121836519965,3.6652167344184186,5.028345019290958,2.3373439768699393,1.3394673177245295,1.59918349735585,1.956394147677977,2.9827604926670968,2.328090484623288,3.874420679661902,4.512555893176429,4.197134087209294,4.152234000383874,4.463196448094705,1.3101348754020414,1.3998557187364504
U Htaung Bo,2.3558540203124907,2.0791559900981214,1.8151771956617262,1.378497069308018,1.0565663413904738,1.2025931263733804,0.7579966157513934,0.0,0.42496962758582585,0.6706461093274013,0.6641225117720619,2.3926496487401168,2.135622737349293,1.8707546538658677,1.4384871884379153,0.6462484727853252,2.34615591729259,2.083557338438686,1.8068342472397365,1.5333436406830243,1.066220889731747,2.593682414543729,2.362700658914635,2.096944633028603,1.776759338221805,2.0301061961157,3.097805167051265,4.3878940465259015,1.7978270267665784,0.6027769549611667,0.8421423188822743,1.19908276294849,2.2251464600205515,1.5701594627292574,3.116622133297771,3.754578830932479,3.448408068704888,3.421835793849326,3.755358324682542,1.055339357663875,1.9812370177519008
Bahan 3 Lan,2.759688259785579,2.48193098978171,2.215875374818898,1.7734073259551826,1.4733214921640674,1.5837059693539388,1.1687593451716052,0.42496962758582585,0.0,0.8792819570203397,0.6614857951025466,2.777718131343076,2.5159440461831712,2.2445061263089516,1.7940223572361385,0.8074884753907678,2.7698418793470325,2.507826998058421,2.2314482478087605,1.9582764582786087,1.4902070737906048,3.0061795043151585,2.7703798984008206,2.4953526913223696,2.0818006677277054,2.0687370631902438,2.940145753655862,4.148738237385604,1.7082048308298992,0.17860297343207296,0.4780290104704883,0.8192182336367247,1.8214882114838098,1.1721928678853029,2.7211471879303892,3.353192078876944,3.0813670214866393,3.0864951653539623,3.4484473116557934,1.2507741836796231,2.39621040173235
Taung Phat Mote,2.507082350671094,2.2490650729851693,2.011104806528476,1.6366035236908896,1.2399851324885542,1.5292718430592254,1.0467737103001136,0.6706461093274013,0.8792819570203397,0.0,0.38517373930953086,2.621889006789921,2.392630198887668,2.162818058704113,1.8099272629490952,1.2966415309095365,2.329357932978666,2.064624170726409,1.792950582097152,1.5216584606480181,1.0574801748086844,2.337396956558787,2.08293003562116,1.778203111304368,1.2161869883628087,1.3942548812959563,2.6196110057472963,4.000728475724957,1.2918135850933203,1.0205588450143344,1.0009481050415825,1.2990979557354358,2.302402670490036,1.6735936410068735,3.124628009159363,3.7725961720558745,3.3507734866524883,3.240775682094715,3.50260570077213,0.38723881352623113,1.765930324687202
A Shae Phat Mote,2.8193476933689734,2.552948218148726,2.3033566060607966,1.8994682212734137,1.5195649145513899,1.7610641144441361,1.2765054591727394,0.6641225117720619,0.6614857951025466,0.38517373930953086,0.0,2.908106811681916,2.6662935903134857,2.4198601052648376,2.026340970460688,1.3014056215680851,2.6845512073667814,2.4182079562188843,2.1425992295654037,1.8668155920138148,1.3894842298941037,2.7222168568264355,2.4680338446922323,2.1632644325850925,1.5586574574390906,1.4149979770939949,2.4390141790913606,3.759973363152021,1.1337076737015974,0.7540572652804791,0.6392074532987011,0.9168922510803852,1.9177401465860036,1.2890074848853255,2.747298370135955,3.3953748278199756,2.9928471274880915,2.9053466012293,3.194068323721192,0.6548743093300087,2.1471815367598523
Pan Soe Tan,0.30894449596674145,0.4080934208792617,0.6113377546304166,1.0169119240320597,1.3892344316607212,1.1941422624276157,1.6469848273520196,2.3926496487401168,2.777718131343076,2.621889006789921,2.908106811681916,0.0,0.26708009821853135,0.5452710260541636,1.0127695114843902,2.114419511848549,0.9158559430013475,0.9601404574330221,1.0589312823160357,1.222687206677535,1.5877879733832008,1.80091323846416,1.8160518663108935,1.895093067094635,2.6072797773218923,3.7924560252802424,5.205169272793404,6.617995342059648,3.8916478434993715,2.934411974706369,3.232783999764624,3.588114238101526,4.597801721208597,3.949828477444598,5.498864819522018,6.129138614614869,5.840673019589135,5.798790244953063,6.102089635959006,2.77101776514308,1.5730935913103024
Bar Lan,0.42342185529804716,0.3193865644959842,0.4080904712688541,0.7675061724688859,1.1534082869364801,0.9339652064376122,1.3968213947251518,2.135622737349293,2.5159440461831712,2.392630198887668,2.6662935903134857,0.26708009821853135,0.0,0.2781911010095276,0.7456902805715778,1.8473394400473875,0.9579867474130269,0.9264874953347723,0.9534253866982797,1.0649178752812303,1.379242990049367,1.8197102070532336,1.7963596579613652,1.830400995898924,2.4688159531981357,3.6021647982901235,4.991792751514056,6.39300642609719,3.67215750072158,2.671076119043738,2.973950289231666,3.3284854031052724,4.334801391926754,3.688123049796708,5.236805964194041,5.865780521577985,5.5839800385880105,5.548425397889474,5.858448048009786,2.5625646567288536,1.5041394537613215
Pan Soe Tan2,0.6465519551900966,0.4315056817827675,0.3195759542557279,0.5262291590582805,0.9257146376762828,0.6686185195418163,1.1442040419945567,1.8707546538658677,2.2445061263089516,2.162818058704113,2.4198601052648376,0.5452710260541636,0.2781911010095276,0.0,0.46750380163350935,1.5691490408087951,1.0727751463167472,0.9711410782966481,0.9158323441803096,0.9534140869547632,1.1868790411627288,1.8794481097904092,1.8173905498518643,1.8026153928963815,2.3479191802059676,3.4145734994346486,4.775003569065024,6.161980392489279,3.4504019337603933,2.397579879305171,2.7059283077396867,3.0593026850107754,4.061341472319421,3.4163163128239633,4.964321927806773,5.591762930496434,5.317564922561256,5.2892186086547,5.606747620899769,2.3577312875303993,1.480471669443596
Railway,1.0816385838017315,0.8236862337969033,0.5870883648069418,0.32111296022553315,0.643466705133683,0.2875289823108044,0.7633545913597727,1.4384871884379153,1.7940223572361385,1.8099272629490952,2.026340970460688,1.0127695114843902,0.7456902805715778,0.46750380163350935,0.0,1.1016530488514324,1.377470648487305,1.2001786669161734,1.0370659692791653,0.9410905304723076,0.9664559465813207,2.0650783392874885,1.9471683006748923,1.8549030558085593,2.213028023996915,3.1326633323312785,4.428541267164062,5.785167716862128,3.1006880473878837,1.9418003602019283,2.2622115117556603,2.6122579402024133,3.6041616256357276,2.96309512495398,4.5087684214494255,5.132952921429529,4.873924495589762,4.8597403632671625,5.191469695169298,2.055523561388498,1.5594161182532966
Kan Yeik Thar,2.160041250471249,1.8873953857195447,1.62481270415629,1.1905420833188711,1.0440223072548689,0.9741842782915296,0.7689633461731556,0.6462484727853252,0.8074884753907678,1.2966415309095365,1.3014056215680851,2.114419511848549,1.8473394400473875,1.5691490408087951,1.1016530488514324,0.0,2.317640204197189,2.0801217304319275,1.8297917072677718,1.595413159868825,1.236992430071585,2.7733186987419693,2.5776114395197176,2.3648615812944263,2.267907000527318,2.674575624697476,3.712131106929575,4.953280014457688,2.4313434528774693,0.9118405872262689,1.2805680797979992,1.601704921920287,2.539378005426876,1.9192964282715927,3.445641007182281,4.057745950184921,3.8477600643118315,3.878699591169691,4.251545031369724,1.6690135307738045,2.168738829165114
Thein Gyi Zay,0.6077581519638391,0.6542901560316218,0.801817210152556,1.149994167767961,1.3105868304237294,1.364331594104814,1.6196697928295862,2.34615591729259,2.7698418793470325,2.329357932978666,2.6845512073667814,0.9158559430013475,0.9579867474130269,1.0727751463167472,1.377470648487305,2.317640204197189,0.0,0.26686782394716485,0.5452710251792398,0.8234620640885344,1.3061939687711606,0.8853925491587177,0.9243517341752802,1.0702093713351557,1.925771530734713,3.2483855575463045,4.736916379653481,6.194982320900266,3.483127795130048,2.9456096352672945,3.1589655176307314,3.511187497996055,4.5479793395624215,3.8929629591989516,5.41604034337812,6.062226659899201,5.676624315979895,5.568020655701597,5.809295415155903,2.351777902376633,0.7851096348552974
Kone Zay Tan,0.6770438432575816,0.6072415186671684,0.6641689969728484,0.9398409870883424,1.05745650256833,1.1469028183399548,1.365160943310195,2.083557338438686,2.507826998058421,2.064624170726409,2.4182079562188843,0.9601404574330221,0.9264874953347723,0.9711410782966481,1.2001786669161734,2.0801217304319275,0.26686782394716485,0.0,0.2788015587811314,0.5568912295742031,1.0395226792599352,0.9085450973601622,0.8701061640126492,0.937160378352203,1.724138683307675,3.017261938444377,4.495859332709858,5.949159264219083,3.231211213910357,2.6841692263287906,2.8932183647766974,3.2450225566751607,4.2818111137880415,3.6269971512292347,5.14921642727049,5.795455654688363,5.410585089926519,5.304366414274442,5.549618126570619,2.096972508485777,0.6204300933373396
Bo Gyoke Zay,0.8229156106203437,0.6580200877655432,0.5971127893280336,0.7419781485008773,0.7936396876121632,0.9315093946473786,1.0978260217678704,1.8068342472397365,2.2314482478087605,1.792950582097152,2.1425992295654037,1.0589312823160357,0.9534253866982797,0.9158323441803096,1.0370659692791653,1.8297917072677718,0.5452710251792398,0.2788015587811314,0.0,0.2781910952209896,0.7609338222422625,1.0287198526831893,0.9190200223317866,0.8880881440920575,1.552010875139032,2.795343162399941,4.258006129795164,5.703975297458514,2.9795728278969147,2.4082102420743228,2.6144746318214627,2.9662211288007683,4.00301003760865,3.348207197940516,4.870907767302356,5.517004109581668,5.135406134150009,5.033690014987011,5.285203168987374,1.8429644785489385,0.564679376866595
Phyar Lan,1.031300414322972,0.8153693299638738,0.6631605887363943,0.6213132915439693,0.5514658912061253,0.7681893520264856,0.8431886729800107,1.5333436406830243,1.9582764582786087,1.5216584606480181,1.8668155920138148,1.222687206677535,1.0649178752812303,0.9534140869547632,0.9410905304723076,1.595413159868825,0.8234620640885344,0.5568912295742031,0.2781910952209896,0.0,0.48275504083951987,1.1945403670894559,1.0335764475468245,0.9140225507348642,1.4050269776456659,2.577860569186044,4.020073666325632,5.45733704120393,2.728750163794797,2.1356191048414437,2.3368361140862546,2.6882418865680937,3.725015277359142,3.0703606658267617,4.592794578829713,5.238838520650462,4.859602515729655,4.761988077210994,5.01948953947738,1.59259418181371,0.6292045142343536
Construction,1.4520048186107366,1.2005245601906684,0.9789630215752994,0.6890454775001886,0.33151759231712813,0.6953488286273081,0.47442735680156684,1.066220889731747,1.4902070737906048,1.0574801748086844,1.3894842298941037,1.5877879733832008,1.379242990049367,1.1868790411627288,0.9664559465813207,1.236992430071585,1.3061939687711606,1.0395226792599352,0.7609338222422625,0.48275504083951987,0.0,1.556880262511511,1.346742457599724,1.1286130174434423,1.25419301772535,2.228427873089966,3.6174806081812476,5.0342550951985565,2.3054099690609156,1.6685691033674621,1.855953729528913,2.20630706674741,3.242974605785236,2.588770577173496,4.11008208940825,4.756084634154848,4.38089401979077,4.291106936960254,4.560047563635444,1.1843224940132804,0.94364849372512
Phone Gyi Lan,1.4931392971657669,1.5024165341515163,1.5688172566979608,1.7688683425614928,1.737896866421447,1.9483449802502375,2.006058332186192,2.593682414543729,3.0061795043151585,2.337396956558787,2.7222168568264355,1.80091323846416,1.8197102070532336,1.8794481097904092,2.0650783392874885,2.7733186987419693,0.8853925491587177,0.9085450973601622,1.0287198526831893,1.1945403670894559,1.556880262511511,0.0,0.2606226711503736,0.5786055238976167,1.489011506908698,2.872948958731123,4.38688077137592,5.8607939790619135,3.254578891292259,3.1837121372657484,3.3018294465824973,3.627041347649529,4.639799293032385,4.006614728980799,5.4483358630503735,6.094471196960965,5.622029508133103,5.448717780851971,5.620376527208156,2.212980853880084,0.614565118922092
San Pya,1.5163189908692203,1.4772785441258753,1.499029987487386,1.6378962323740218,1.5574987027706335,1.8008771355561592,1.808681308891533,2.362700658914635,2.7703798984008206,2.08293003562116,2.4680338446922323,1.8160518663108935,1.7963596579613652,1.8173905498518643,1.9471683006748923,2.5776114395197176,0.9243517341752802,0.8701061640126492,0.9190200223317866,1.0335764475468245,1.346742457599724,0.2606226711503736,0.0,0.3180816346435987,1.2394554522562542,2.624814563470379,4.139428881486451,5.613358208449818,2.9961998308137634,2.947067910583672,3.053973107371513,3.375779680777102,4.384955090251755,3.7543008849681763,5.189797140048924,5.83563952369215,5.36147525967379,5.1884290957013555,5.362168429057504,1.9526436865057217,0.4114351387371825
Tha Yet Taw,1.613563892277424,1.519838030230637,1.4848478471424407,1.535323507555111,1.3830304774407582,1.6701131398455222,1.6019956613384891,2.096944633028603,2.4953526913223696,1.778203111304368,2.1632644325850925,1.895093067094635,1.830400995898924,1.8026153928963815,1.8549030558085593,2.3648615812944263,1.0702093713351557,0.937160378352203,0.8880881440920575,0.9140225507348642,1.1286130174434423,0.5786055238976167,0.3180816346435987,0.0,0.9383868022967957,2.3216457121693455,3.8358920145855038,5.309293740001497,2.679886502385919,2.670221946847691,2.7591023754538955,3.0750407414145466,4.077883344848156,3.451591408606104,4.87641677968897,5.521695313418222,5.044014344172496,4.870384318141142,5.045856089703529,1.6359977034133772,0.3262751820439377
Pegu Club,2.3719015965131525,2.200870709686555,2.0680557127193193,1.9136098505703347,1.5856701086449752,1.948977097089483,1.6400208353634402,1.776759338221805,2.0818006677277054,1.2161869883628087,1.5586574574390906,2.6072797773218923,2.4688159531981357,2.3479191802059676,2.213028023996915,2.267907000527318,1.925771530734713,1.724138683307675,1.552010875139032,1.4050269776456659,1.25419301772535,1.489011506908698,1.2394554522562542,0.9383868022967957,0.0,1.3853805868492928,2.900024851222242,4.373925062778407,1.792262715005137,2.233002473351971,2.1976948305013346,2.454967207703513,3.381188881369199,2.8039959310957,4.109974394881658,4.7445361898789455,4.2158651888257594,4.007323275038902,4.1492232139471765,0.9156117576286179,1.1467498726751724
Myaeni Gone,3.606996620265261,3.389168207171003,3.1961243820753813,2.9032937368817726,2.506406865048845,2.8451734300519766,2.3899121836519965,2.0301061961157,2.0687370631902438,1.3942548812959563,1.4149979770939949,3.7924560252802424,3.6021647982901235,3.4145734994346486,3.1326633323312785,2.674575624697476,3.2483855575463045,3.017261938444377,2.795343162399941,2.577860569186044,2.228427873089966,2.872948958731123,2.624814563470379,2.3216457121693455,1.3853805868492928,0.0,1.5146545147891657,2.988546205780829,0.6460319089074621,2.129443740708724,1.8658680858467689,1.9248573575044277,2.531083158416941,2.1399143020501215,3.058593667077912,3.6469381030093766,3.0310557735561767,2.7543631988673014,2.824806625103479,1.079828863092106,2.498102685292862
Hantharwady,5.049519800596152,4.812878380208035,4.596073432736254,4.249663948863713,3.849290444349948,4.148867726456612,3.6652167344184186,3.097805167051265,2.940145753655862,2.6196110057472963,2.4390141790913606,5.205169272793404,4.991792751514056,4.775003569065024,4.428541267164062,3.712131106929575,4.736916379653481,4.495859332709858,4.258006129795164,4.020073666325632,3.6174806081812476,4.38688077137592,4.139428881486451,3.8358920145855038,2.900024851222242,1.5146545147891657,0.0,1.4739720623282515,1.327917102720748,2.9097063410467863,2.5356826292938606,2.3643479323884,2.3109561085353367,2.3272009081007305,2.3546497647692877,2.768323288713121,2.054811348287064,1.6550688150027284,1.5132602414854797,2.434811395759375,4.003004161329965
Hledan,6.480501043357746,6.234717143401524,6.006684192435877,5.63614815687002,5.240710246618152,5.51498798534988,5.028345019290958,4.3878940465259015,4.148738237385604,4.000728475724957,3.759973363152021,6.617995342059648,6.39300642609719,6.161980392489279,5.785167716862128,4.953280014457688,6.194982320900266,5.949159264219083,5.703975297458514,5.45733704120393,5.0342550951985565,5.8607939790619135,5.613358208449818,5.309293740001497,4.373925062778407,2.988546205780829,1.4739720623282515,0.0,2.730119183175895,4.0753012588062845,3.690959698131261,3.4272817338554127,2.9342675428723317,3.2472577997172523,2.478290712454793,2.544440273011952,1.9276230016921079,1.5381832611454218,1.055813572442665,3.8647690939740014,5.471123293402455
Wizaya Plaza,3.7503908063227476,3.505427610483507,3.280810662139531,2.924485755915258,2.5249791531781023,2.821003592209746,2.3373439768699393,1.7978270267665784,1.7082048308298992,1.2918135850933203,1.1337076737015974,3.8916478434993715,3.67215750072158,3.4504019337603933,3.1006880473878837,2.4313434528774693,3.483127795130048,3.231211213910357,2.9795728278969147,2.728750163794797,2.3054099690609156,3.254578891292259,2.9961998308137634,2.679886502385919,1.792262715005137,0.6460319089074621,1.327917102720748,2.730119183175895,0.0,1.721127291698522,1.3925418603755182,1.3666039392576552,1.8862308714421168,1.529248710961268,2.4310936075836276,3.0346181503495737,2.450854953419582,2.217682481600503,2.3659916074513077,1.1368367633578367,2.7929757483019673
Yae Khae Saing,2.924736575485066,2.6467818138741066,2.3801666643267,1.9362261974356771,1.6457583533423856,1.7419748983936725,1.3394673177245295,0.6027769549611667,0.17860297343207296,1.0205588450143344,0.7540572652804791,2.934411974706369,2.671076119043738,2.397579879305171,1.9418003602019283,0.9118405872262689,2.9456096352672945,2.6841692263287906,2.4082102420743228,2.1356191048414437,1.6685691033674621,3.1837121372657484,2.947067910583672,2.670221946847691,2.233002473351971,2.129443740708724,2.9097063410467863,4.0753012588062845,1.721127291698522,0.0,0.38472301769699746,0.6899273051163015,1.6637959729502734,1.0220776318247735,2.5672076270723188,3.194763276941382,2.9439945942987604,2.9668707722861893,3.3429832892042377,1.3785258282595096,2.5742162883711868
Shwe Gon Daing 2,3.1972520252697767,2.9208901816590327,2.6572457572906907,2.2202402208971117,1.8927400992641024,2.0399873180299024,1.59918349735585,0.8421423188822743,0.4780290104704883,1.0009481050415825,0.6392074532987011,3.232783999764624,2.973950289231666,2.7059283077396867,2.2622115117556603,1.2805680797979992,3.1589655176307314,2.8932183647766974,2.6144746318214627,2.3368361140862546,1.855953729528913,3.3018294465824973,3.053973107371513,2.7591023754538955,2.1976948305013346,1.8658680858467689,2.5356826292938606,3.690959698131261,1.3925418603755182,0.38472301769699746,0.0,0.35725387630409744,1.3905885655451966,0.7345809554321074,2.2755824018467052,2.91565890437824,2.612238029577932,2.6088557728407378,2.9716173491214306,1.2918327893965504,2.7068190029333734
Shwe Gon Daing,3.5544748432823843,3.278054464688497,3.014259502035275,2.5766460186939275,2.2497670314064186,2.3946163375718785,1.956394147677977,1.19908276294849,0.8192182336367247,1.2990979557354358,0.9168922510803852,3.588114238101526,3.3284854031052724,3.0593026850107754,2.6122579402024133,1.601704921920287,3.511187497996055,3.2450225566751607,2.9662211288007683,2.6882418865680937,2.20630706674741,3.627041347649529,3.375779680777102,3.0750407414145466,2.454967207703513,1.9248573575044277,2.3643479323884,3.4272817338554127,1.3666039392576552,0.6899273051163015,0.35725387630409744,0.0,1.0367936587082487,0.3834193817534257,1.9183493255022082,2.558900479470899,2.2621870726411326,2.2770092527975536,2.6586532862242946,1.5393734649631636,3.0394055555772606
Har Mit Tic,4.5791407031718485,4.301736786870094,4.036276695653021,3.594690050872117,3.2806821096542933,3.40444236130396,2.9827604926670968,2.2251464600205515,1.8214882114838098,2.302402670490036,1.9177401465860036,4.597801721208597,4.334801391926754,4.061341472319421,3.6041616256357276,2.539378005426876,4.5479793395624215,4.2818111137880415,4.00301003760865,3.725015277359142,3.242974605785236,4.639799293032385,4.384955090251755,4.077883344848156,3.381188881369199,2.531083158416941,2.3109561085353367,2.9342675428723317,1.8862308714421168,1.6637959729502734,1.3905885655451966,1.0367936587082487,0.0,0.6561364111914451,0.9064315189591936,1.531713875871716,1.3536534197946324,1.5105831412425241,1.9782026132024448,2.480955873098654,4.062224246884511
Har Mit Tic 2,3.9253945995507666,3.6482707793957805,3.383319956049394,2.9429865754319535,2.624977421607716,2.7557275130407213,2.328090484623288,1.5701594627292574,1.1721928678853029,1.6735936410068735,1.2890074848853255,3.949828477444598,3.688123049796708,3.4163163128239633,2.96309512495398,1.9192964282715927,3.8929629591989516,3.6269971512292347,3.348207197940516,3.0703606658267617,2.588770577173496,4.006614728980799,3.7543008849681763,3.451591408606104,2.8039959310957,2.1399143020501215,2.3272009081007305,3.2472577997172523,1.529248710961268,1.0220776318247735,0.7345809554321074,0.3834193817534257,0.6561364111914451,0.0,1.5491860441612617,2.184508884693124,1.9288341942209262,1.9892311083738472,2.4047440602181682,1.8904789150453578,3.4212944993774177
Kokkaing,5.472457566492869,5.1957491239265945,4.93135894663562,4.491843410421605,4.167889320742261,4.3048246150303004,3.874420679661902,3.116622133297771,2.7211471879303892,3.124628009159363,2.747298370135955,5.498864819522018,5.236805964194041,4.964321927806773,4.5087684214494255,3.445641007182281,5.41604034337812,5.14921642727049,4.870907767302356,4.592794578829713,4.11008208940825,5.4483358630503735,5.189797140048924,4.87641677968897,4.109974394881658,3.058593667077912,2.3546497647692877,2.478290712454793,2.4310936075836276,2.5672076270723188,2.2755824018467052,1.9183493255022082,0.9064315189591936,1.5491860441612617,0.0,0.6480845879590139,0.5857099048814014,0.9408505113918224,1.4260867316393977,3.2471097553917034,4.889988440581528
Myanmar Plaza,6.109861327640984,5.832654485777456,5.5674741795000475,5.126275655591201,4.808336013329912,4.936042262505157,4.512555893176429,3.754578830932479,3.353192078876944,3.7725961720558745,3.3953748278199756,6.129138614614869,5.865780521577985,5.591762930496434,5.132952921429529,4.057745950184921,6.062226659899201,5.795455654688363,5.517004109581668,5.238838520650462,4.756084634154848,6.094471196960965,5.83563952369215,5.521695313418222,4.7445361898789455,3.6469381030093766,2.768323288713121,2.544440273011952,3.0346181503495737,3.194763276941382,2.91565890437824,2.558900479470899,1.531713875871716,2.184508884693124,0.6480845879590139,0.0,0.717978252363305,1.1445837460980148,1.5223591706399162,3.890186234479741,5.537774447453171
Inya Myaing,5.787967929804688,5.514759430707805,5.255075366946292,4.824852876058077,4.477017200919579,4.650459628282498,4.197134087209294,3.448408068704888,3.0813670214866393,3.3507734866524883,2.9928471274880915,5.840673019589135,5.5839800385880105,5.317564922561256,4.873924495589762,3.8477600643118315,5.676624315979895,5.410585089926519,5.135406134150009,4.859602515729655,4.38089401979077,5.622029508133103,5.36147525967379,5.044014344172496,4.2158651888257594,3.0310557735561767,2.054811348287064,1.9276230016921079,2.450854953419582,2.9439945942987604,2.612238029577932,2.2621870726411326,1.3536534197946324,1.9288341942209262,0.5857099048814014,0.717978252363305,0.0,0.4333786882777203,0.8727659291832299,3.4098992858886366,5.09383999904539
Thanlwin,5.7236235169652545,5.455126204122257,5.2012820319399315,4.782510351536969,4.417584522378814,4.620733086575456,4.152234000383874,3.421835793849326,3.0864951653539623,3.240775682094715,2.9053466012293,5.798790244953063,5.548425397889474,5.2892186086547,4.8597403632671625,3.878699591169691,5.568020655701597,5.304366414274442,5.033690014987011,4.761988077210994,4.291106936960254,5.448717780851971,5.1884290957013555,4.870384318141142,4.007323275038902,2.7543631988673014,1.6550688150027284,1.5381832611454218,2.217682481600503,2.9668707722861893,2.6088557728407378,2.2770092527975536,1.5105831412425241,1.9892311083738472,0.9408505113918224,1.1445837460980148,0.4333786882777203,0.0,0.4935110291559509,3.2519303938035025,4.946043484612059
UFL,6.006969929681401,5.744184237083022,5.497039977410565,5.090967220380363,4.713578980712941,4.941067880907516,4.463196448094705,3.755358324682542,3.4484473116557934,3.50260570077213,3.194068323721192,6.102089635959006,5.858448048009786,5.606747620899769,5.191469695169298,4.251545031369724,5.809295415155903,5.549618126570619,5.285203168987374,5.01948953947738,4.560047563635444,5.620376527208156,5.362168429057504,5.045856089703529,4.1492232139471765,2.824806625103479,1.5132602414854797,1.055813572442665,2.3659916074513077,3.3429832892042377,2.9716173491214306,2.6586532862242946,1.9782026132024448,2.4047440602181682,1.4260867316393977,1.5223591706399162,0.8727659291832299,0.4935110291559509,0.0,3.4639636293054625,5.150075722129595
U Wisara Awine,2.617598753185317,2.3781410717774283,2.163244675438683,1.8382913366577114,1.4379816441420492,1.768343971926542,1.3101348754020414,1.055339357663875,1.2507741836796231,0.38723881352623113,0.6548743093300087,2.77101776514308,2.5625646567288536,2.3577312875303993,2.055523561388498,1.6690135307738045,2.351777902376633,2.096972508485777,1.8429644785489385,1.59259418181371,1.1843224940132804,2.212980853880084,1.9526436865057217,1.6359977034133772,0.9156117576286179,1.079828863092106,2.434811395759375,3.8647690939740014,1.1368367633578367,1.3785258282595096,1.2918327893965504,1.5393734649631636,2.480955873098654,1.8904789150453578,3.2471097553917034,3.890186234479741,3.4098992858886366,3.2519303938035025,3.4639636293054625,0.0,1.6942146974078325
Lanmadaw,1.2971358228660084,1.19414592280205,1.161752782672218,1.2441386374136834,1.1460839635242097,1.39723135808543,1.3998557187364504,1.9812370177519008,2.39621040173235,1.765930324687202,2.1471815367598523,1.5730935913103024,1.5041394537613215,1.480471669443596,1.5594161182532966,2.168738829165114,0.7851096348552974,0.6204300933373396,0.564679376866595,0.6292045142343536,0.94364849372512,0.614565118922092,0.4114351387371825,0.3262751820439377,1.1467498726751724,2.498102685292862,4.003004161329965,5.471123293402455,2.7929757483019673,2.5742162883711868,2.7068190029333734,3.0394055555772606,4.062224246884511,3.4212944993774177,4.889988440581528,5.537774447453171,5.09383999904539,4.946043484612059,5.150075722129595,1.6942146974078325,0.0
